312482983
2467791
115290697
1042600047999770624
164185009
1978851349
2695159500
991568714150494209
983633153825878016
998823790644609025
959872060745920512
1547385763
804329128174329856
981818781528928256
981573324709883905
787346080853856256
855633970116968448
908582328993062913
988491670282014721
1004243749394763776
978225941607464961
947056064435851265
916514730252034049
815048425570004992
2553241992
3228448867
40200685
941713544185286656
364754416
987890228303032321
959398171922313217
981005289779445761
1011322238291701760
972553239081058305
156261414
84190249
1011516460294856704
1008102308029370369
87734221
983925247442239488
1149658327
1006093612587896833
145668505
983962594905149445
4712035097
751607988142665728
849282017351135233
903975864089493506
15639696
2185176090
3016185331
44196397
535289066
145582199
173573724
139967484
133762915
969803563227648000
961409643561046016
437338469
3316223600
335891957
2532884354
1666804076
899949148455059458
815145543890571264
947211339092709376
1479054170
30848360
870327885705474048
61458407
15163777
972596322
631926517
103565377
1425732632
2381606574
298917410
711760467383877632
78583540
861146621182083072
369650594
1171857924
717020664587227136
364061735
1695938996
938002728898347008
433553955
66643993
56335250
2768501
9609632
22993014
16675569
32201814
1605483390
960860944875188226
2382217921
44835347
23879043
20203870
55131390
248568377
106878278
722317764736647168
2990701656
63796828
550183597
17692554
4472065032
177838266
45847467
50271716
2316772315
112937016
108538423
18354016
79915337
870316016739504128
136304297
1709294947
575702002
1903593750
920488039
571878474
581065927
1966507722
2613904818
2570642840
2543109397
2990611686
2596143056
2785480981
1244137812
2686770528
2574232910
2686834802
1227253801
919330467773538304
164213375
577223916
41994925
965673215887515648
441636351
501805622
22692199
19722699
19658826
15862891
32372834
487833518
14647570
18244358
8283082
19402238
16895274
85839993
17842366
117662694
1201661238
962316383362011136
762902563586994176
828583643132133376
1152279248
73896043
978908012
140750115
1870397263
1463880866
401272321
734984622598193152
848811463963574272
2690778144
1019469630
1263706735
74957540
880386187122286593
2239944644
164335216
194022170
147537589
177886974
74710498
3184454384
89732309
635895185
2791245386
268734410
132779252
899930525917249536
1097553362
942446324175093760
135199660
954204557973819392
25788243
16212685
753997806831071232
11026952
3024563878
17461978
