36880083
19373710
890504477874192384
92708272
1041680114
25073877
822215679726100480
2183816041
14120922
436266454
373471064
1447949844
2541363451
1346439824
347035710
130104041
240649814
135421739
1492538024
2253142422
817461289081409536
427475002
14159148
90420314
11348282
91478624
134758540
20751449
17874544
18071358
77888423
18863815
16548023
468479147
595965584
4340141903
751718549358571520
3274581944
1500470718
832822847043166209
3304116174
830067207296139264
760167659254190080
706557245191020544
3290811554
771217293653094402
2920508612
781852900230324228
853450303596888064
3308932195
3272540084
4356849313
864464115477204994
3528715574
2974116478
3280405357
738078775175303170
783994901226663937
728796195200507904
822469651045097472
717006990694752257
3335396145
849916678251069441
806568792134451206
874565405314084868
832852800144973826
785369335061680128
844463847620710400
3400019770
422193664
2922715670
764123537946906624
3155488459
2939035212
2997935948
779739035103178752
4310939180
4280965752
858310958955016193
4909401074
838730457701199872
802440421079035904
826724553959276545
4763463732
763636594607812612
715117603606425601
799609210287726593
781874238915383296
455625030
814077354976931840
3049569560
819595920593522689
599959538
43017766
1546472371
1404439633
813286
471741741
15846407
18839785
50393960
17919972
1386301104
456966603
783214
1059778206
1212408853
