481437204
1074585780
974035854258769920
793533473516613632
999585225280811008
760363214186090496
1719960138
4476471441
933389108268843008
938458990790316032
2941706426
788432383045406720
861417516
1593210355
1006346080055906304
872235184501932032
2973593106
426084854
2970050187
1550520115
1096084052
1300678026
23464695
273518010
859677963591204864
1013658590819770368
176015469
952980031399084032
310196193
805055496445009921
155659213
149198901
63992320
731814231209852928
906440746755952640
760167659254190080
231701715
706557245191020544
753147419555135488
2951866838
855270588725682178
1002079605237297154
907506402066755585
973240715118604289
888802519282966528
4257530233
929969570474950657
953860135947878400
992661234699780096
988663804237045761
869755168350326786
893364008899805184
866686963327414272
831397551450394624
865960263794663424
700687710885777408
985254286107054080
4310939180
854765827698040832
4892054340
320022767
3461144232
788775433462362113
814509649722478592
955417361967824896
939205553229664257
2166022407
234318488
4848626112
14724725
65184105
1730055241
138372303
3171712086
18839785
813286
25073877
180505807
10228272
21447363
166739404
62513246
2233154425
3154252605
2557037323
35369214
101798589
100322679
1345393938
180463340
207809313
239672340
999323793842757634
154221292
29873662
886601760676163584
374160477
252045985
164159210
107608753
35999306
1020058453
428333
16573941
5695632
12600272
65525881
1115874631
19895282
