4893704282
798814190639071232
797464552749277185
755822109717258240
155561448
2535079531
1652516689
111944435
71815077
75509967
75246346
2298000842
2351246605
228632239
579149101
1588988058
1582663988
757185300518932481
777799686526828544
784976076401442816
84554399
207888272
188065489
570782809
135421739
105710210
53414786
2503937882
3234972206
1226871919
491525662
1707198769
358817998
2653526799
2656202618
770008425073967109
760167659254190080
617097567
767448913834078209
2968755672
604654223
366947884
492595792
757180824252977152
1564971439
755487405164130304
33868638
1196254680
250495841
1652526218
51376979
102382667
2469605695
68497896
37034483
769727912
613321095
240649814
360029609
368779416
124258971
18354016
52729592
16507391
55520719
20536157
3893277312
145125358
38403110
87174678
222516693
791517902
627301298
145592277
93825359
427258135
94041171
90347940
66319753
189035181
68977380
338604482
436266454
178111058
222953824
44588485
71201743
132385468
79708561
155151279
42606652
471741741
317034396
1492538024
183230911
378056166
1127687228
18238260
704287095364259840
54829997
220228167
94163409
108936259
65659343
76294950
92726549
57998991
113278275
97865628
87170183
31348594
56631494
1401339060
57928790
113419517
101311381
294499000
214924885
258758539
134666628
181850923
56363343
709282669532717056
18681139
18839785
75854417
88856792
101695592
19895282
