2577277484
154221292
1291784312
759418649673433088
811840379733606401
927501041800638464
825018575652007936
4012992673
2177038028
1005195436913844225
388669908
817083
19965271
33838201
2601869406
2684358913
20536157
80555140
1140609882
1004439087854411776
4833347608
972910003131740160
18783859
243814985
23160782
91913267
2757249786
2166931946
1171253486
812443128368164864
838802637290156034
3094698976
56648500
2730681163
239952356
836992483343155203
2344060088
1540951016
283755001
55178805
616163
472301455
811380630
3431414189
18517171
14504859
2425151
377228272
3317233336
863720408
14091091
243418245
722214536460173312
953339177332035586
29843511
153196789
891077171673931776
180993910
1720046887
20609518
33836629
254107028
775449094739197953
2479063608
823905
149873270
184154013
1401204486
14872237
2248872301
471741741
185142711
2253142422
16589206
23375688
2729506932
63842549
30315557
37060788
760167659254190080
825017615475101700
749178832452673536
1300442328
1425732632
2585917969
18939157
2895770934
1482581556
68746721
4783690002
4398626122
216939636
2598162997
19725644
17842366
17471979
1451773004
13298072
11348282
903795410
598157131
17706336
121044171
135421739
92708272
71201743
47786101
73992972
17919972
14335498
209811713
113419517
213969309
2916305152
14130366
115044590
97865628
1636590253
16409683
2715115656
101311381
87233065
31348594
68497896
145125358
34743251
21447363
155659213
96951800
44196397
